(array([0.000000, 172.265625, 344.531250, 516.796875, 689.062500,
       861.328125, 1033.593750, 1205.859375, 1378.125000, 1550.390625,
       1722.656250, 1894.921875, 2067.187500, 2239.453125, 2411.718750,
       2583.984375, 2756.250000, 2928.515625, 3100.781250, 3273.046875,
       3445.312500, 3617.578125, 3789.843750, 3962.109375, 4134.375000,
       4306.640625, 4478.906250, 4651.171875, 4823.437500, 4995.703125,
       5167.968750, 5340.234375, 5512.500000, 5684.765625, 5857.031250,
       6029.296875, 6201.562500, 6373.828125, 6546.093750, 6718.359375,
       6890.625000, 7062.890625, 7235.156250, 7407.421875, 7579.687500,
       7751.953125, 7924.218750, 8096.484375, 8268.750000, 8441.015625,
       8613.281250, 8785.546875, 8957.812500, 9130.078125, 9302.343750,
       9474.609375, 9646.875000, 9819.140625, 9991.406250, 10163.671875,
       10335.937500, 10508.203125, 10680.468750, 10852.734375,
       11025.000000]), array([0.012747, 0.011520, 0.008871, 0.014764, 0.044289, 0.263967,
       0.707449, 0.253722, 0.025629, 0.011808, 0.007890, 0.006590,
       0.006520, 0.007858, 0.012428, 0.041150, 1.528051, 25.112735,
       20.040315, 0.570377, 0.031705, 0.011601, 0.007528, 0.006477,
       0.006641, 0.008137, 0.012438, 0.029080, 0.227416, 0.475982,
       0.210387, 0.038883, 0.013950, 0.008595, 0.006771, 0.006336,
       0.006970, 0.009177, 0.015681, 0.049680, 0.506928, 1.297968,
       0.298099, 0.023455, 0.011244, 0.007702, 0.006488, 0.006445,
       0.007571, 0.010899, 0.023353, 0.419792, 3.272188, 1.715400,
       0.066446, 0.017237, 0.009595, 0.007096, 0.006355, 0.006686,
       0.008345, 0.013170, 0.033606, 0.210196, 0.205744]))